# Created by Octave 4.2.0, Wed Jan 25 21:53:07 2017 GMT <unknown@unknown>
# name: A
# type: matrix
# rows: 3
# columns: 2
 1 2
 3 4
 5 6


# name: B
# type: matrix
# rows: 4
# columns: 2
 10 11
 12 13
 14 15
 16 17


# name: ans
# type: bool
0


# name: featureX
# type: matrix
# rows: 27
# columns: 2
 2104 3
 1600 3
 2400 3
 1416 2
 3000 4
 1985 4
 1534 3
 1427 3
 1380 3
 1494 3
 1940 4
 2000 3
 1890 3
 4478 5
 1268 3
 1437 3
 1239 3
 2132 4
 4215 4
 2162 4
 1664 2
 2238 3
 2567 4
 1200 3
 852 2
 1852 4
 1203 3


# name: featureY
# type: matrix
# rows: 27
# columns: 1
 3999
 3299
 3690
 2320
 5399
 2999
 3149
 1989
 2120
 2425
 2399
 3470
 3299
 6999
 2599
 4499
 1509
 1667
 5948
 4718
 3932
 2011
 4538
 2251
 2617
 4084
 3523


# name: hello
# type: matrix
# rows: 1
# columns: 10
 2104 1600 2400 1416 3000 1985 1534 1427 1380 1494


# name: v
# type: matrix
# rows: 1
# columns: 10
 2104 1600 2400 1416 3000 1985 1534 1427 1380 1494


